* File name: D:\Documents and Settings\sicard\Mes documents\software\Dsch\Dsch35\dsch35 full\examples\spice\spiceinvdc.sch
DC transfer characteristic  Tue Sep 22 11:20:03  2009
--------------------------------------------------------------------------------
Index   sweep           v(2)            v(4)            
--------------------------------------------------------------------------------
0	 0.000000e+00	 0.000000e+00	 1.000000e+00	
1	 1.000000e-02	 1.000000e-02	 1.000000e+00	
2	 2.000000e-02	 2.000000e-02	 1.000000e+00	
3	 3.000000e-02	 3.000000e-02	 1.000000e+00	
4	 4.000000e-02	 4.000000e-02	 1.000000e+00	
5	 5.000000e-02	 5.000000e-02	 1.000000e+00	
6	 6.000000e-02	 6.000000e-02	 1.000000e+00	
7	 7.000000e-02	 7.000000e-02	 1.000000e+00	
8	 8.000000e-02	 8.000000e-02	 1.000000e+00	
9	 9.000000e-02	 9.000000e-02	 1.000000e+00	
10	 1.000000e-01	 1.000000e-01	 1.000000e+00	
11	 1.100000e-01	 1.100000e-01	 1.000000e+00	
12	 1.200000e-01	 1.200000e-01	 1.000000e+00	
13	 1.300000e-01	 1.300000e-01	 1.000000e+00	
14	 1.400000e-01	 1.400000e-01	 1.000000e+00	
15	 1.500000e-01	 1.500000e-01	 1.000000e+00	
16	 1.600000e-01	 1.600000e-01	 1.000000e+00	
17	 1.700000e-01	 1.700000e-01	 1.000000e+00	
18	 1.800000e-01	 1.800000e-01	 1.000000e+00	
19	 1.900000e-01	 1.900000e-01	 9.999435e-01	
20	 2.000000e-01	 2.000000e-01	 9.997753e-01	
21	 2.100000e-01	 2.100000e-01	 9.994973e-01	
22	 2.200000e-01	 2.200000e-01	 9.991104e-01	
23	 2.300000e-01	 2.300000e-01	 9.986152e-01	
24	 2.400000e-01	 2.400000e-01	 9.980113e-01	
25	 2.500000e-01	 2.500000e-01	 9.972978e-01	
26	 2.600000e-01	 2.600000e-01	 9.964734e-01	
27	 2.700000e-01	 2.700000e-01	 9.955358e-01	
28	 2.800000e-01	 2.800000e-01	 9.944823e-01	
29	 2.900000e-01	 2.900000e-01	 9.933092e-01	
30	 3.000000e-01	 3.000000e-01	 9.920123e-01	
31	 3.100000e-01	 3.100000e-01	 9.905864e-01	
32	 3.200000e-01	 3.200000e-01	 9.890252e-01	
33	 3.300000e-01	 3.300000e-01	 9.873216e-01	
34	 3.400000e-01	 3.400000e-01	 9.854670e-01	
35	 3.500000e-01	 3.500000e-01	 9.834515e-01	
36	 3.600000e-01	 3.600000e-01	 9.812636e-01	
37	 3.700000e-01	 3.700000e-01	 9.788896e-01	
38	 3.800000e-01	 3.800000e-01	 9.763135e-01	
39	 3.900000e-01	 3.900000e-01	 9.735165e-01	
40	 4.000000e-01	 4.000000e-01	 9.704762e-01	
41	 4.100000e-01	 4.100000e-01	 9.671658e-01	
42	 4.200000e-01	 4.200000e-01	 9.635528e-01	
43	 4.300000e-01	 4.300000e-01	 9.595978e-01	
44	 4.400000e-01	 4.400000e-01	 9.552515e-01	
45	 4.500000e-01	 4.500000e-01	 9.504522e-01	
46	 4.600000e-01	 4.600000e-01	 9.451207e-01	
47	 4.700000e-01	 4.700000e-01	 9.391524e-01	
48	 4.800000e-01	 4.800000e-01	 9.324059e-01	
49	 4.900000e-01	 4.900000e-01	 9.246811e-01	
50	 5.000000e-01	 5.000000e-01	 9.156816e-01	
51	 5.100000e-01	 5.100000e-01	 9.049333e-01	
52	 5.200000e-01	 5.200000e-01	 8.915936e-01	
53	 5.300000e-01	 5.300000e-01	 8.738686e-01	
54	 5.400000e-01	 5.400000e-01	 8.461075e-01	
55	 5.500000e-01	 5.500000e-01	 1.794937e-01	
56	 5.600000e-01	 5.600000e-01	 1.418053e-01	
57	 5.700000e-01	 5.700000e-01	 1.192560e-01	
58	 5.800000e-01	 5.800000e-01	 1.026522e-01	
59	 5.900000e-01	 5.900000e-01	 8.944690e-02	
60	 6.000000e-01	 6.000000e-01	 7.849877e-02	
61	 6.100000e-01	 6.100000e-01	 6.918216e-02	
62	 6.200000e-01	 6.200000e-01	 6.111110e-02	
63	 6.300000e-01	 6.300000e-01	 5.402886e-02	
64	 6.400000e-01	 6.400000e-01	 4.775497e-02	
65	 6.500000e-01	 6.500000e-01	 4.215737e-02	
66	 6.600000e-01	 6.600000e-01	 3.713631e-02	
67	 6.700000e-01	 6.700000e-01	 3.261455e-02	
68	 6.800000e-01	 6.800000e-01	 2.853110e-02	
69	 6.900000e-01	 6.900000e-01	 2.483710e-02	
70	 7.000000e-01	 7.000000e-01	 2.149276e-02	
71	 7.100000e-01	 7.100000e-01	 1.846540e-02	
72	 7.200000e-01	 7.200000e-01	 1.572803e-02	
73	 7.300000e-01	 7.300000e-01	 1.325812e-02	
74	 7.400000e-01	 7.400000e-01	 1.103690e-02	
75	 7.500000e-01	 7.500000e-01	 9.048624e-03	
76	 7.600000e-01	 7.600000e-01	 7.280157e-03	
77	 7.700000e-01	 7.700000e-01	 5.720570e-03	
78	 7.800000e-01	 7.800000e-01	 4.360849e-03	
79	 7.900000e-01	 7.900000e-01	 3.193670e-03	
80	 8.000000e-01	 8.000000e-01	 2.213223e-03	
81	 8.100000e-01	 8.100000e-01	 1.415071e-03	
82	 8.200000e-01	 8.200000e-01	 7.960547e-04	
83	 8.300000e-01	 8.300000e-01	 3.542152e-04	
84	 8.400000e-01	 8.400000e-01	 8.874895e-05	
85	 8.500000e-01	 8.500000e-01	 2.634803e-08	
86	 8.600000e-01	 8.600000e-01	 8.291760e-09	
87	 8.700000e-01	 8.700000e-01	 2.048767e-09	
88	 8.800000e-01	 8.800000e-01	 2.024518e-09	
89	 8.900000e-01	 8.900000e-01	 2.000952e-09	
90	 9.000000e-01	 9.000000e-01	 1.978041e-09	
91	 9.100000e-01	 9.100000e-01	 1.955758e-09	
92	 9.200000e-01	 9.200000e-01	 1.934077e-09	
93	 9.300000e-01	 9.300000e-01	 1.912974e-09	
94	 9.400000e-01	 9.400000e-01	 1.892427e-09	
95	 9.500000e-01	 9.500000e-01	 1.872413e-09	
96	 9.600000e-01	 9.600000e-01	 1.852912e-09	
97	 9.700000e-01	 9.700000e-01	 1.833905e-09	
98	 9.800000e-01	 9.800000e-01	 1.815374e-09	
99	 9.900000e-01	 9.900000e-01	 1.797299e-09	
100	 1.000000e+00	 1.000000e+00	 1.779666e-09	
