* File name: D:\Documents and Settings\sicard\Mes documents\software\Dsch\Dsch35\bugs\spiceamplidc.sch
DC transfer characteristic  Tue Sep 22 10:57:57  2009
--------------------------------------------------------------------------------
Index   sweep           v(2)            v(3)            
--------------------------------------------------------------------------------
0	 0.000000e+00	 0.000000e+00	 1.000000e+00	
1	 1.000000e-02	 1.000000e-02	 1.000000e+00	
2	 2.000000e-02	 2.000000e-02	 1.000000e+00	
3	 3.000000e-02	 3.000000e-02	 1.000000e+00	
4	 4.000000e-02	 4.000000e-02	 1.000000e+00	
5	 5.000000e-02	 5.000000e-02	 1.000000e+00	
6	 6.000000e-02	 6.000000e-02	 1.000000e+00	
7	 7.000000e-02	 7.000000e-02	 1.000000e+00	
8	 8.000000e-02	 8.000000e-02	 1.000000e+00	
9	 9.000000e-02	 9.000000e-02	 1.000000e+00	
10	 1.000000e-01	 1.000000e-01	 1.000000e+00	
11	 1.100000e-01	 1.100000e-01	 1.000000e+00	
12	 1.200000e-01	 1.200000e-01	 1.000000e+00	
13	 1.300000e-01	 1.300000e-01	 1.000000e+00	
14	 1.400000e-01	 1.400000e-01	 1.000000e+00	
15	 1.500000e-01	 1.500000e-01	 1.000000e+00	
16	 1.600000e-01	 1.600000e-01	 1.000000e+00	
17	 1.700000e-01	 1.700000e-01	 1.000000e+00	
18	 1.800000e-01	 1.800000e-01	 1.000000e+00	
19	 1.900000e-01	 1.900000e-01	 9.990780e-01	
20	 2.000000e-01	 2.000000e-01	 9.963844e-01	
21	 2.100000e-01	 2.100000e-01	 9.920205e-01	
22	 2.200000e-01	 2.200000e-01	 9.860789e-01	
23	 2.300000e-01	 2.300000e-01	 9.786443e-01	
24	 2.400000e-01	 2.400000e-01	 9.697946e-01	
25	 2.500000e-01	 2.500000e-01	 9.596016e-01	
26	 2.600000e-01	 2.600000e-01	 9.481318e-01	
27	 2.700000e-01	 2.700000e-01	 9.354468e-01	
28	 2.800000e-01	 2.800000e-01	 9.216037e-01	
29	 2.900000e-01	 2.900000e-01	 9.066561e-01	
30	 3.000000e-01	 3.000000e-01	 8.906537e-01	
31	 3.100000e-01	 3.100000e-01	 8.736432e-01	
32	 3.200000e-01	 3.200000e-01	 8.556685e-01	
33	 3.300000e-01	 3.300000e-01	 8.367706e-01	
34	 3.400000e-01	 3.400000e-01	 8.169882e-01	
35	 3.500000e-01	 3.500000e-01	 7.963582e-01	
36	 3.600000e-01	 3.600000e-01	 7.749150e-01	
37	 3.700000e-01	 3.700000e-01	 7.526913e-01	
38	 3.800000e-01	 3.800000e-01	 7.297181e-01	
39	 3.900000e-01	 3.900000e-01	 7.060248e-01	
40	 4.000000e-01	 4.000000e-01	 6.816394e-01	
41	 4.100000e-01	 4.100000e-01	 6.565884e-01	
42	 4.200000e-01	 4.200000e-01	 6.308971e-01	
43	 4.300000e-01	 4.300000e-01	 6.045897e-01	
44	 4.400000e-01	 4.400000e-01	 5.776884e-01	
45	 4.500000e-01	 4.500000e-01	 5.502163e-01	
46	 4.600000e-01	 4.600000e-01	 5.221937e-01	
47	 4.700000e-01	 4.700000e-01	 4.936407e-01	
48	 4.800000e-01	 4.800000e-01	 4.645765e-01	
49	 4.900000e-01	 4.900000e-01	 4.350193e-01	
50	 5.000000e-01	 5.000000e-01	 4.049866e-01	
51	 5.100000e-01	 5.100000e-01	 3.744952e-01	
52	 5.200000e-01	 5.200000e-01	 3.435612e-01	
53	 5.300000e-01	 5.300000e-01	 3.121999e-01	
54	 5.400000e-01	 5.400000e-01	 2.804262e-01	
55	 5.500000e-01	 5.500000e-01	 2.482533e-01	
56	 5.600000e-01	 5.600000e-01	 2.164767e-01	
57	 5.700000e-01	 5.700000e-01	 1.993700e-01	
58	 5.800000e-01	 5.800000e-01	 1.864903e-01	
59	 5.900000e-01	 5.900000e-01	 1.760962e-01	
60	 6.000000e-01	 6.000000e-01	 1.673711e-01	
61	 6.100000e-01	 6.100000e-01	 1.598563e-01	
62	 6.200000e-01	 6.200000e-01	 1.532644e-01	
63	 6.300000e-01	 6.300000e-01	 1.474024e-01	
64	 6.400000e-01	 6.400000e-01	 1.421331e-01	
65	 6.500000e-01	 6.500000e-01	 1.373545e-01	
66	 6.600000e-01	 6.600000e-01	 1.329917e-01	
67	 6.700000e-01	 6.700000e-01	 1.289833e-01	
68	 6.800000e-01	 6.800000e-01	 1.252816e-01	
69	 6.900000e-01	 6.900000e-01	 1.218478e-01	
70	 7.000000e-01	 7.000000e-01	 1.186500e-01	
71	 7.100000e-01	 7.100000e-01	 1.156618e-01	
72	 7.200000e-01	 7.200000e-01	 1.128606e-01	
73	 7.300000e-01	 7.300000e-01	 1.102276e-01	
74	 7.400000e-01	 7.400000e-01	 1.077463e-01	
75	 7.500000e-01	 7.500000e-01	 1.054028e-01	
76	 7.600000e-01	 7.600000e-01	 1.031846e-01	
77	 7.700000e-01	 7.700000e-01	 1.010812e-01	
78	 7.800000e-01	 7.800000e-01	 9.908288e-02	
79	 7.900000e-01	 7.900000e-01	 9.718143e-02	
80	 8.000000e-01	 8.000000e-01	 9.536936e-02	
81	 8.100000e-01	 8.100000e-01	 9.364000e-02	
82	 8.200000e-01	 8.200000e-01	 9.198740e-02	
83	 8.300000e-01	 8.300000e-01	 9.040617e-02	
84	 8.400000e-01	 8.400000e-01	 8.889147e-02	
85	 8.500000e-01	 8.500000e-01	 8.743890e-02	
86	 8.600000e-01	 8.600000e-01	 8.604447e-02	
87	 8.700000e-01	 8.700000e-01	 8.470452e-02	
88	 8.800000e-01	 8.800000e-01	 8.341574e-02	
89	 8.900000e-01	 8.900000e-01	 8.217508e-02	
90	 9.000000e-01	 9.000000e-01	 8.097973e-02	
91	 9.100000e-01	 9.100000e-01	 7.982713e-02	
92	 9.200000e-01	 9.200000e-01	 7.871489e-02	
93	 9.300000e-01	 9.300000e-01	 7.764083e-02	
94	 9.400000e-01	 9.400000e-01	 7.660291e-02	
95	 9.500000e-01	 9.500000e-01	 7.559925e-02	
96	 9.600000e-01	 9.600000e-01	 7.462811e-02	
97	 9.700000e-01	 9.700000e-01	 7.368784e-02	
98	 9.800000e-01	 9.800000e-01	 7.277695e-02	
99	 9.900000e-01	 9.900000e-01	 7.189402e-02	
100	 1.000000e+00	 1.000000e+00	 7.103772e-02	
